1433320967 1 0.421350 0.021068 0.000212E-20 0.000011E-20
1433321120 1 0.191719 0.009586 0.000267E-20 0.000013E-20
1433321277 1 1.080629 0.054031 0.000789E-20 0.000039E-20
1433321279 1 1.089978 0.054499 0.000789E-20 0.000039E-20
1433321430 1 1.092980 0.054649 0.000754E-20 0.000038E-20
1433321586 1 1.083272 0.054164 0.000749E-20 0.000037E-20
1433321739 1 1.081683 0.054084 0.000751E-20 0.000038E-20
1433321895 1 1.057069 0.052853 0.000735E-20 0.000037E-20
1433321898 1 0.973730 0.048686 0.000735E-20 0.000037E-20
1433322054 1 1.315809 0.065790 0.000936E-20 0.000047E-20
1433322204 1 1.321470 0.066074 0.001003E-20 0.000050E-20
1433322358 1 1.291554 0.064578 0.000971E-20 0.000049E-20
1433322360 1 1.285067 0.064253 0.000971E-20 0.000049E-20
1433322517 1 1.273529 0.063676 0.000945E-20 0.000047E-20
1433322670 1 1.279496 0.063975 0.000932E-20 0.000047E-20
1433322673 1 1.285424 0.064271 0.000932E-20 0.000047E-20
1433322827 1 1.282095 0.064105 0.000959E-20 0.000048E-20
1433322829 1 1.296057 0.064803 0.000959E-20 0.000048E-20
1433322980 1 1.297649 0.064882 0.000965E-20 0.000048E-20
1433323133 1 1.312751 0.065638 0.000981E-20 0.000049E-20
1433323136 1 1.304700 0.065235 0.000981E-20 0.000049E-20
1433323295 1 0.527058 0.026353 0.000966E-20 0.000048E-20
1433323443 1 1.252981 0.062649 0.007325E-20 0.000366E-20
1433323445 1 1.264326 0.063216 0.007325E-20 0.000366E-20
1433323595 1 1.241480 0.062074 0.007147E-20 0.000357E-20
1433323598 1 1.232703 0.061635 0.007147E-20 0.000357E-20
1433323751 1 1.199434 0.059972 0.007045E-20 0.000352E-20
1433323754 1 1.214536 0.060727 0.007045E-20 0.000352E-20
1433323908 1 1.172914 0.058646 0.006938E-20 0.000347E-20
1433323910 1 1.176074 0.058804 0.006938E-20 0.000347E-20
1433324211 1 1.116559 0.055828 0.006659E-20 0.000333E-20
1433324370 1 1.089286 0.054464 0.006303E-20 0.000315E-20
1433324373 1 1.093368 0.054668 0.006303E-20 0.000315E-20
1433324523 1 1.054286 0.052714 0.006139E-20 0.000307E-20
1433324677 1 1.010027 0.050501 0.005995E-20 0.000300E-20
1433324830 1 0.999135 0.049957 0.005818E-20 0.000291E-20
1433324983 1 0.976517 0.048826 0.005642E-20 0.000282E-20
1433325136 1 0.940460 0.047023 0.005617E-20 0.000281E-20
1433325292 1 0.933122 0.046656 0.005483E-20 0.000274E-20
1433325295 1 0.940605 0.047030 0.005483E-20 0.000274E-20
1433325449 1 0.926968 0.046348 0.005446E-20 0.000272E-20
1433325452 1 0.930159 0.046508 0.005446E-20 0.000272E-20
1433325602 1 0.920733 0.046037 0.005495E-20 0.000275E-20
1433325605 1 0.924260 0.046213 0.005495E-20 0.000275E-20
1433325758 1 0.928228 0.046411 0.005461E-20 0.000273E-20
1433325911 1 0.926530 0.046327 0.005438E-20 0.000272E-20
1433326065 1 0.910123 0.045506 0.005251E-20 0.000263E-20
1433326067 1 0.904678 0.045234 0.005251E-20 0.000263E-20
1433326221 1 0.640924 0.032046 0.003998E-20 0.000200E-20
1433326386 1 0.248574 0.012429 0.002122E-20 0.000106E-20
1433326539 1 0.168253 0.008413 0.000987E-20 0.000049E-20
1433326692 1 0.175729 0.008786 0.001046E-20 0.000052E-20
1433326848 1 0.184137 0.009207 0.001063E-20 0.000053E-20
1433327001 1 0.202745 0.010137 0.001140E-20 0.000057E-20
1433327346 1 0.160109 0.008005 0.000804E-20 0.000040E-20
1433327347 1 0.162487 0.008124 0.000804E-20 0.000040E-20
1433327467 1 0.170753 0.008538 0.000870E-20 0.000043E-20
1433327621 1 0.169676 0.008484 0.001035E-20 0.000052E-20
1433327623 1 0.169393 0.008470 0.001035E-20 0.000052E-20
1433327778 1 0.169960 0.008498 0.000988E-20 0.000049E-20
1433327780 1 0.167694 0.008385 0.000988E-20 0.000049E-20
1433327933 1 0.166557 0.008328 0.000963E-20 0.000048E-20
1433328089 1 0.173855 0.008693 0.001007E-20 0.000050E-20
1433328251 1 0.724912 0.036246 0.004282E-20 0.000214E-20
1433328398 1 0.026416 0.001321 0.000211E-20 0.000011E-20
1433328554 1 0.026509 0.001325 0.000061E-20 0.000003E-20
1433328708 1 0.027522 0.001376 0.000065E-20 0.000003E-20
1433328864 1 0.028492 0.001425 0.000066E-20 0.000003E-20
1433329173 1 0.031027 0.001551 0.000070E-20 0.000004E-20
1433329327 1 0.030260 0.001513 0.000071E-20 0.000004E-20
1433329842 1 0.032498 0.001625 0.000073E-20 0.000004E-20
1433329844 1 0.032265 0.001613 0.000073E-20 0.000004E-20
1433330252 1 0.029257 0.001463 0.000065E-20 0.000003E-20
1433330255 1 0.027916 0.001396 0.000065E-20 0.000003E-20
1433330408 1 0.032294 0.001615 0.000071E-20 0.000004E-20
1433330559 1 0.041967 0.002098 0.000096E-20 0.000005E-20
1433330715 1 0.054879 0.002744 0.000124E-20 0.000006E-20
1433330873 1 0.055086 0.002754 0.000132E-20 0.000007E-20
1433331023 1 0.055146 0.002757 0.000129E-20 0.000006E-20
1433331179 1 0.054057 0.002703 0.000131E-20 0.000007E-20
1433331489 1 0.054419 0.002721 0.000127E-20 0.000006E-20
1433331645 1 0.052789 0.002639 0.000130E-20 0.000006E-20
1433331798 1 0.051658 0.002583 0.000125E-20 0.000006E-20
1433331955 1 0.052132 0.002607 0.000118E-20 0.000006E-20
1433332120 1 0.050899 0.002545 0.000119E-20 0.000006E-20
1433332264 1 0.052789 0.002639 0.000128E-20 0.000006E-20
1433332421 1 0.052745 0.002637 0.000123E-20 0.000006E-20
1433332423 1 0.051555 0.002578 0.000123E-20 0.000006E-20
1433332579 1 0.051972 0.002599 0.000124E-20 0.000006E-20
1433332730 1 0.050449 0.002522 0.000122E-20 0.000006E-20
1433332884 1 0.052602 0.002630 0.000123E-20 0.000006E-20
1433333039 1 0.053818 0.002691 0.000126E-20 0.000006E-20
1433333196 1 0.052507 0.002625 0.000128E-20 0.000006E-20
1433333198 1 0.052859 0.002643 0.000128E-20 0.000006E-20
1433333354 1 0.052721 0.002636 0.000126E-20 0.000006E-20
1433333505 1 0.054244 0.002712 0.000126E-20 0.000006E-20
1433333661 1 0.053572 0.002679 0.000128E-20 0.000006E-20
1433333664 1 0.054065 0.002703 0.000128E-20 0.000006E-20
1433333971 1 0.054345 0.002717 0.000127E-20 0.000006E-20
1433333973 1 0.053008 0.002650 0.000127E-20 0.000006E-20
1433334280 1 0.052644 0.002632 0.000125E-20 0.000006E-20
1433334436 1 0.052653 0.002633 0.000129E-20 0.000006E-20
1433334749 1 0.161773 0.008089 0.000963E-20 0.000048E-20
1433335277 1 0.157462 0.007873 0.000978E-20 0.000049E-20
1433335521 1 0.155037 0.007752 0.000964E-20 0.000048E-20
1433335676 1 0.149611 0.007481 0.000944E-20 0.000047E-20
1433335679 1 0.149534 0.007477 0.000944E-20 0.000047E-20
1433336609 1 0.000003 0.000000 0.000248E-20 0.000012E-20
1433338001 1 0.143814 0.007191 0.000236E-20 0.000012E-20
1433338470 1 0.149450 0.007473 0.000241E-20 0.000012E-20
1433338623 1 0.148798 0.007440 0.000236E-20 0.000012E-20
1433338933 1 0.147684 0.007384 0.000238E-20 0.000012E-20
1433339248 1 0.146015 0.007301 0.000232E-20 0.000012E-20
1433339399 1 0.143650 0.007183 0.000226E-20 0.000011E-20
1433339401 1 0.146148 0.007307 0.000226E-20 0.000011E-20
1433339552 1 0.142111 0.007106 0.000219E-20 0.000011E-20
1433339708 1 0.145644 0.007282 0.000223E-20 0.000011E-20
1433339864 1 0.143177 0.007159 0.000229E-20 0.000011E-20
1433340167 1 0.133019 0.006651 0.000210E-20 0.000011E-20
1433340324 1 0.139702 0.006985 0.000205E-20 0.000010E-20
1433340633 1 0.126491 0.006325 0.000196E-20 0.000010E-20
1433340792 1 0.125194 0.006260 0.000195E-20 0.000010E-20
1433341099 1 0.114588 0.005729 0.000178E-20 0.000009E-20
1433341723 1 0.108722 0.005436 0.000167E-20 0.000008E-20
1433341877 1 0.104960 0.005248 0.000164E-20 0.000008E-20
1433342340 1 0.099073 0.004954 0.000151E-20 0.000008E-20
1433342342 1 0.100321 0.005016 0.000151E-20 0.000008E-20
1433342498 1 0.097215 0.004861 0.000148E-20 0.000007E-20
1433342649 1 0.093955 0.004698 0.000151E-20 0.000008E-20
1433342808 1 0.090790 0.004540 0.000138E-20 0.000007E-20
1433343115 0 0.084965 0.004248 0.000135E-20 0.000007E-20
1433343117 0 0.085126 0.004256 0.000135E-20 0.000007E-20
1433343273 0 0.082580 0.004129 0.000130E-20 0.000006E-20
1433343429 0 0.077079 0.003854 0.000131E-20 0.000007E-20
1433343580 0 0.048211 0.002411 0.000111E-20 0.000006E-20